Trajectory MCTS:
State: [0, 0, 0, 0, 0, 0, 0, 0, 0, 0, 0, 0, 0, 0], Action: leg11
State: [0, 0, 0, 0, 0, 0, 0, 0, 0, 0, 1, 0, 0, 0], Action: leg2
State: [0, 1, 0, 0, 0, 0, 0, 0, 0, 0, 1, 0, 0, 0], Action: leg4
State: [0, 1, 0, 1, 0, 0, 0, 0, 0, 0, 1, 0, 0, 0], Action: leg9
State: [0, 1, 0, 1, 0, 0, 0, 0, 1, 0, 1, 0, 0, 0], Action: leg7
State: [0, 1, 0, 1, 0, 0, 1, 0, 1, 0, 1, 0, 0, 0], Action: leg10
State: [0, 1, 0, 1, 0, 0, 1, 0, 1, 1, 1, 0, 0, 0], Action: leg12
State: [0, 1, 0, 1, 0, 0, 1, 0, 1, 1, 1, 1, 0, 0], Action: leg7
State: [0, 1, 0, 1, 0, 0, 0, 0, 1, 1, 1, 1, 0, 0], Action: leg13
State: [0, 1, 0, 1, 0, 0, 0, 0, 1, 1, 1, 1, 1, 0], Action: leg13
State: [0, 1, 0, 1, 0, 0, 0, 0, 1, 1, 1, 1, 0, 0], Action: leg3
State: [0, 1, 1, 1, 0, 0, 0, 0, 1, 1, 1, 1, 0, 0], Action: leg13
State: [0, 1, 1, 1, 0, 0, 0, 0, 1, 1, 1, 1, 1, 0], Action: leg13
State: [0, 1, 1, 1, 0, 0, 0, 0, 1, 1, 1, 1, 0, 0], Action: leg8
State: [0, 1, 1, 1, 0, 0, 0, 1, 1, 1, 1, 1, 0, 0], Action: leg8
State: [0, 1, 1, 1, 0, 0, 0, 0, 1, 1, 1, 1, 0, 0], Action: leg8
State: [0, 1, 1, 1, 0, 0, 0, 1, 1, 1, 1, 1, 0, 0], Action: leg6
State: [0, 1, 1, 1, 0, 1, 0, 1, 1, 1, 1, 1, 0, 0], Action: leg1
State: [1, 1, 1, 1, 0, 1, 0, 1, 1, 1, 1, 1, 0, 0], Action: leg7
State: [1, 1, 1, 1, 0, 1, 1, 1, 1, 1, 1, 1, 0, 0], Action: leg1

Coordinates:
(215.785714, 63.071429)
(215.785714, 63.071429)
(215.785714, 63.071429)
(215.835714, 63.071429)
(215.875627, 63.071398)
(215.926724, 63.071429)
(215.985685, 63.071224)
(216.055649, 63.071120)
(216.139832, 63.071467)
(216.243246, 63.070480)
(216.215077, 63.068204)
(216.303380, 63.059019)
(216.271967, 63.055494)
(216.364571, 63.058482)
(216.457897, 63.052997)
(216.436587, 63.051004)
(216.545934, 63.048613)
(216.529251, 63.047624)
(216.584045, 63.046872)
(216.739211, 63.053880)
